ek_cookie_300x250_appledaily_013_break.swf Movie Report
--------------------------------------------------------

Frame #    Frame Bytes    Total Bytes    Scene
-------    -----------    -----------    ----------------
      1          21305          21305    Scene 1 (AS 2.0 Classes Export Frame)
      2              1          21306    
      3              1          21307    
      4              1          21308    
      5              1          21309    
      6              1          21310    
      7              1          21311    
      8              1          21312    
      9              1          21313    
     10              1          21314    
     11              1          21315    
     12              1          21316    
     13              1          21317    
     14              1          21318    
     15              1          21319    
     16              1          21320    
     17              1          21321    
     18              1          21322    
     19              1          21323    
     20              1          21324    
     21              1          21325    
     22              1          21326    
     23              1          21327    
     24              1          21328    
     25              1          21329    
     26              1          21330    
     27              1          21331    
     28              1          21332    
     29              1          21333    
     30              1          21334    
     31              1          21335    
     32              1          21336    
     33              1          21337    
     34              1          21338    
     35              1          21339    
     36              1          21340    
     37              1          21341    
     38              1          21342    
     39              1          21343    
     40              1          21344    
     41              1          21345    
     42              1          21346    
     43              1          21347    
     44              1          21348    
     45              1          21349    
     46              1          21350    
     47              1          21351    
     48              1          21352    
     49              1          21353    
     50              1          21354    
     51              1          21355    
     52              1          21356    
     53              1          21357    
     54              1          21358    
     55              1          21359    
     56              1          21360    
     57              1          21361    
     58              1          21362    
     59              1          21363    
     60              1          21364    
     61           2747          24111    
     62             71          24182    
     63             71          24253    
     64             71          24324    
     65             71          24395    
     66             71          24466    
     67             71          24537    
     68             71          24608    
     69             69          24677    
     70             72          24749    
     71             79          24828    
     72             70          24898    
     73             71          24969    
     74             71          25040    
     75             71          25111    
     76             71          25182    
     77             71          25253    
     78             71          25324    
     79             69          25393    
     80             72          25465    
     81             79          25544    
     82             71          25615    
     83             71          25686    
     84             71          25757    
     85             71          25828    
     86             71          25899    
     87             71          25970    
     88             70          26040    
     89             69          26109    
     90             51          26160    
     91             34          26194    
     92             15          26209    
     93             15          26224    
     94             15          26239    
     95             15          26254    
     96          11600          37854    
     97             50          37904    
     98             50          37954    
     99             50          38004    
    100             50          38054    
    101            343          38397    
    102             16          38413    
    103             16          38429    
    104             16          38445    
    105            345          38790    
    106             16          38806    
    107              8          38814    
    108              8          38822    
    109              8          38830    
    110              8          38838    
    111           2371          41209    
    112             11          41220    
    113             11          41231    
    114             11          41242    
    115             11          41253    
    116              7          41260    
    117              1          41261    
    118              1          41262    
    119              1          41263    
    120              1          41264    
    121              1          41265    
    122              1          41266    
    123              1          41267    
    124              1          41268    
    125              1          41269    
    126              1          41270    
    127              1          41271    
    128              1          41272    
    129              1          41273    
    130              1          41274    
    131              1          41275    
    132              1          41276    
    133              1          41277    
    134              1          41278    
    135              1          41279    
    136              1          41280    
    137              1          41281    
    138              1          41282    
    139              1          41283    
    140              1          41284    
    141              1          41285    
    142              1          41286    
    143              1          41287    
    144              1          41288    
    145              1          41289    
    146              1          41290    
    147              1          41291    
    148              1          41292    
    149              1          41293    
    150              1          41294    
    151              1          41295    
    152              1          41296    
    153              1          41297    
    154              1          41298    
    155              1          41299    
    156              1          41300    
    157              1          41301    
    158              1          41302    
    159              1          41303    
    160              1          41304    
    161              1          41305    
    162              1          41306    
    163              1          41307    
    164              1          41308    
    165              1          41309    
    166              1          41310    
    167             11          41321    
    168             11          41332    
    169             11          41343    
    170             11          41354    
    171           2814          44168    
    172             11          44179    
    173             11          44190    
    174             11          44201    
    175             11          44212    
    176              7          44219    
    177              1          44220    
    178              1          44221    
    179              1          44222    
    180              1          44223    
    181              1          44224    
    182              1          44225    
    183              1          44226    
    184              1          44227    
    185              1          44228    
    186              1          44229    
    187              1          44230    
    188              1          44231    
    189              1          44232    
    190              1          44233    
    191              1          44234    
    192              1          44235    
    193              1          44236    
    194              1          44237    
    195              1          44238    
    196              1          44239    
    197              1          44240    
    198              1          44241    
    199              1          44242    
    200              1          44243    
    201              1          44244    
    202              1          44245    
    203              1          44246    
    204              1          44247    
    205              1          44248    
    206              1          44249    
    207              1          44250    
    208              1          44251    
    209              1          44252    
    210              1          44253    
    211              1          44254    
    212              1          44255    
    213              1          44256    
    214              1          44257    
    215              1          44258    
    216              1          44259    
    217              1          44260    
    218              1          44261    
    219              1          44262    
    220              1          44263    
    221              1          44264    
    222              1          44265    
    223              1          44266    
    224              1          44267    
    225              1          44268    
    226              1          44269    
    227             11          44280    
    228             11          44291    
    229             11          44302    
    230             11          44313    
    231           3688          48001    
    232             11          48012    
    233             11          48023    
    234             11          48034    
    235             11          48045    
    236              7          48052    
    237              1          48053    
    238              1          48054    
    239              1          48055    
    240              1          48056    
    241              1          48057    
    242              1          48058    
    243              1          48059    
    244              1          48060    
    245              1          48061    
    246              1          48062    
    247              1          48063    
    248              1          48064    
    249              1          48065    
    250              1          48066    
    251           2082          50148    
    252             11          50159    
    253             11          50170    
    254             11          50181    
    255             11          50192    
    256            209          50401    
    257              1          50402    
    258              1          50403    
    259              1          50404    
    260              1          50405    
    261              1          50406    
    262              1          50407    
    263              1          50408    
    264              1          50409    
    265              1          50410    
    266              1          50411    
    267              1          50412    
    268              1          50413    
    269              1          50414    
    270              1          50415    
    271              1          50416    
    272              1          50417    
    273              1          50418    
    274              1          50419    
    275              1          50420    
    276              1          50421    
    277              1          50422    
    278              1          50423    
    279              1          50424    
    280              1          50425    
    281              1          50426    
    282              1          50427    
    283              1          50428    
    284              1          50429    
    285              1          50430    
    286              1          50431    
    287              1          50432    
    288              1          50433    
    289              1          50434    
    290              1          50435    
    291              1          50436    
    292              1          50437    
    293              1          50438    
    294              1          50439    
    295              1          50440    
    296              1          50441    
    297              1          50442    
    298              1          50443    
    299              1          50444    
    300              1          50445    
    301              1          50446    
    302              1          50447    
    303              1          50448    
    304              1          50449    
    305              1          50450    
    306              1          50451    
    307              1          50452    
    308              1          50453    
    309              1          50454    
    310              1          50455    
    311              1          50456    
    312              1          50457    
    313              1          50458    
    314              1          50459    
    315              1          50460    
    316              1          50461    
    317              1          50462    
    318              1          50463    
    319              1          50464    
    320              1          50465    
    321              1          50466    
    322              1          50467    
    323              1          50468    
    324              1          50469    
    325              1          50470    
    326              1          50471    
    327              1          50472    
    328              1          50473    
    329              1          50474    
    330              1          50475    
    331              1          50476    
    332              1          50477    
    333              1          50478    
    334              1          50479    
    335              1          50480    
    336              1          50481    
    337              1          50482    
    338              1          50483    
    339              1          50484    
    340              1          50485    
    341              1          50486    
    342              1          50487    
    343              1          50488    
    344              1          50489    
    345              1          50490    
    346              1          50491    
    347             11          50502    
    348             11          50513    
    349             11          50524    
    350             11          50535    

Scene                        Shape Bytes    Text Bytes    ActionScript Bytes
-------------------------    -----------    ----------    ------------------
Scene 1                              137             0                   328

Symbol                       Shape Bytes    Text Bytes    ActionScript Bytes
-------------------------    -----------    ----------    ------------------
mc:arrow                               0             0                     0
gx_triangle                           33             0                     0
i:ek_cookie_300x250_cookie8            0             0                     0
mc:floor                               0             0                     0
t:006                                  0             0                     0
mc:strip                               0             0                     0
Tween 2                                0             0                     0
Tween 1                                0             0                     0
i:ek_cookie_300x250_cookie7            0             0                     0
i:ek_cookie_300x250_cookie6            0             0                     0
t:002                                  0             0                     0
t:003                                  0             0                     0
t:004                                  0             0                     0
i:ek_cookie_300x250_cookie5            0             0                     0
i:ek_cookie_300x250_cookie4            0             0                     0
t:001                                  0             0                     0
i:ek_cookie_300x250_cookie3            0             0                     0
i:ek_cookie_300x250_cookie2            0             0                     0
mc:ek_cookie_300x250_cookie1           0             0                     0
mc:ek_cookie_300x250_cookie2           0             0                     0
mc:ek_cookie_300x250_cookie3           0             0                     0
i:ek_cookie_300x250_cookie1            0             0                     0
mc:matt_351800                         0             0                     0
i:ek_cookie_300x250_bg                 0             0                     0
btn_hotspot                           33             0                     0
Logo EK                             1382             0                     0
t:url                                  0             0                     0
mc:btnBox                              0             0                     0
t:005                                  0             0                     0
b:send_cookie                          0             0                     0


Tweened Shapes: 892 bytes

ActionScript Bytes    Location
------------------    --------
               102    Scene 1:btn_hotspot:1:No instance name assigned(btn_hotspot)
                15    Scene 1:btn_selectcookie:1:No instance name assigned(btn_hotspot)
                15    Scene 1:btn_selectcookie:1:No instance name assigned(btn_hotspot)
                15    Scene 1:btn_selectcookie:1:No instance name assigned(btn_hotspot)
                15    Scene 1:action:70
                15    Scene 1:action:80
                40    Scene 1:b:send_cookie:251:No instance name assigned(b:send_cookie)
               111    Scene 1:b:send_cookie:256:No instance name assigned(b:send_cookie)

Bitmap                     Compressed    Compression
-----------------------    ----------  --------  -----------
i:ek_cookie_300x250_bg.png     10137      300000   JPEG Quality=60
i:ek_cookie_300x250_cookie3.png      1814       17324   JPEG Quality=60
i:ek_cookie_300x250_cookie1.png      1953       23976   JPEG Quality=60
i:ek_cookie_300x250_cookie2.png      1936       22632   JPEG Quality=60
i:ek_cookie_300x250_cookie4.png      2539       33936   JPEG Quality=60
i:ek_cookie_300x250_cookie8.png      4390       35432   JPEG Quality=60
i:ek_cookie_300x250_cookie7.png      3080       19928   JPEG Quality=60
i:ek_cookie_300x250_cookie5.png      1650       21584   JPEG Quality=60
i:ek_cookie_300x250_cookie6.png      1882       24236   JPEG Quality=60




