ek_cookie_234x60_014_break.swf Movie Report
--------------------------------------------

Frame #    Frame Bytes    Total Bytes    Scene
-------    -----------    -----------    ----------------
      1           6351           6351    Scene 1 (AS 2.0 Classes Export Frame)
      2             21           6372    
      3             21           6393    
      4             21           6414    
      5             21           6435    
      6             21           6456    
      7             21           6477    
      8             21           6498    
      9             21           6519    
     10             21           6540    
     11             12           6552    
     12              1           6553    
     13              1           6554    
     14              1           6555    
     15              1           6556    
     16              1           6557    
     17              1           6558    
     18              1           6559    
     19              1           6560    
     20              1           6561    
     21              1           6562    
     22              1           6563    
     23              1           6564    
     24              1           6565    
     25              1           6566    
     26              1           6567    
     27              1           6568    
     28              1           6569    
     29              1           6570    
     30              1           6571    
     31              1           6572    
     32              1           6573    
     33              1           6574    
     34              1           6575    
     35              1           6576    
     36              1           6577    
     37              1           6578    
     38              1           6579    
     39              1           6580    
     40              1           6581    
     41              1           6582    
     42              1           6583    
     43              1           6584    
     44              1           6585    
     45              1           6586    
     46              1           6587    
     47              1           6588    
     48              1           6589    
     49              1           6590    
     50              1           6591    
     51              1           6592    
     52              1           6593    
     53              1           6594    
     54              1           6595    
     55              1           6596    
     56              1           6597    
     57              1           6598    
     58              1           6599    
     59              1           6600    
     60              1           6601    
     61              1           6602    
     62              1           6603    
     63              1           6604    
     64              1           6605    
     65              1           6606    
     66              1           6607    
     67              1           6608    
     68              1           6609    
     69              1           6610    
     70              1           6611    
     71              1           6612    
     72              1           6613    
     73              1           6614    
     74              1           6615    
     75              1           6616    
     76              1           6617    
     77              1           6618    
     78              1           6619    
     79              1           6620    
     80              1           6621    
     81              1           6622    
     82              1           6623    
     83              1           6624    
     84              1           6625    
     85              1           6626    
     86              1           6627    
     87              1           6628    
     88              1           6629    
     89              1           6630    
     90              1           6631    
     91              1           6632    
     92              1           6633    
     93              1           6634    
     94              1           6635    
     95              1           6636    
     96              1           6637    
     97              1           6638    
     98              1           6639    
     99              1           6640    
    100              1           6641    
    101              1           6642    
    102             21           6663    
    103             21           6684    
    104             21           6705    
    105             21           6726    
    106             21           6747    
    107             21           6768    
    108             21           6789    
    109             21           6810    
    110             21           6831    
    111           2642           9473    
    112             23           9496    
    113             23           9519    
    114             23           9542    
    115             23           9565    
    116             23           9588    
    117             23           9611    
    118             23           9634    
    119             22           9656    
    120             15           9671    
    121             14           9685    
    122             14           9699    
    123             14           9713    
    124             14           9727    
    125             14           9741    
    126           6446          16187    
    127             47          16234    
    128             47          16281    
    129             47          16328    
    130             46          16374    
    131            340          16714    
    132             20          16734    
    133             20          16754    
    134             20          16774    
    135             20          16794    
    136            348          17142    
    137              8          17150    
    138              8          17158    
    139              8          17166    
    140              8          17174    
    141           2386          19560    
    142             11          19571    
    143             11          19582    
    144             11          19593    
    145             11          19604    
    146              7          19611    
    147              1          19612    
    148              1          19613    
    149              1          19614    
    150              1          19615    
    151              1          19616    
    152              1          19617    
    153              1          19618    
    154              1          19619    
    155              1          19620    
    156              1          19621    
    157              1          19622    
    158              1          19623    
    159              1          19624    
    160              1          19625    
    161              1          19626    
    162              1          19627    
    163              1          19628    
    164              1          19629    
    165              1          19630    
    166              1          19631    
    167              1          19632    
    168              1          19633    
    169              1          19634    
    170              1          19635    
    171              1          19636    
    172              1          19637    
    173              1          19638    
    174              1          19639    
    175              1          19640    
    176              1          19641    
    177              1          19642    
    178              1          19643    
    179              1          19644    
    180              1          19645    
    181              1          19646    
    182              1          19647    
    183              1          19648    
    184              1          19649    
    185              1          19650    
    186              1          19651    
    187              1          19652    
    188              1          19653    
    189              1          19654    
    190              1          19655    
    191              1          19656    
    192              1          19657    
    193              1          19658    
    194              1          19659    
    195              1          19660    
    196              1          19661    
    197             11          19672    
    198             11          19683    
    199             11          19694    
    200             11          19705    
    201           2825          22530    
    202             11          22541    
    203             11          22552    
    204             11          22563    
    205             11          22574    
    206              7          22581    
    207              1          22582    
    208              1          22583    
    209              1          22584    
    210              1          22585    
    211              1          22586    
    212              1          22587    
    213              1          22588    
    214              1          22589    
    215              1          22590    
    216              1          22591    
    217              1          22592    
    218              1          22593    
    219              1          22594    
    220              1          22595    
    221              1          22596    
    222              1          22597    
    223              1          22598    
    224              1          22599    
    225              1          22600    
    226              1          22601    
    227              1          22602    
    228              1          22603    
    229              1          22604    
    230              1          22605    
    231              1          22606    
    232              1          22607    
    233              1          22608    
    234              1          22609    
    235              1          22610    
    236              1          22611    
    237              1          22612    
    238              1          22613    
    239              1          22614    
    240              1          22615    
    241              1          22616    
    242              1          22617    
    243              1          22618    
    244              1          22619    
    245              1          22620    
    246              1          22621    
    247              1          22622    
    248              1          22623    
    249              1          22624    
    250              1          22625    
    251              1          22626    
    252              1          22627    
    253              1          22628    
    254              1          22629    
    255              1          22630    
    256              1          22631    
    257             11          22642    
    258             11          22653    
    259             11          22664    
    260             11          22675    
    261           1677          24352    
    262             11          24363    
    263             11          24374    
    264             11          24385    
    265             11          24396    
    266           1769          26165    
    267              1          26166    
    268              1          26167    
    269              1          26168    
    270              1          26169    
    271              1          26170    
    272              1          26171    
    273              1          26172    
    274              1          26173    
    275              1          26174    
    276              1          26175    
    277              1          26176    
    278              1          26177    
    279              1          26178    
    280              1          26179    
    281              1          26180    
    282              1          26181    
    283              1          26182    
    284              1          26183    
    285              1          26184    
    286           2018          28202    
    287             11          28213    
    288             11          28224    
    289             11          28235    
    290             11          28246    
    291              7          28253    
    292              1          28254    
    293              1          28255    
    294              1          28256    
    295              1          28257    
    296              1          28258    
    297              1          28259    
    298              1          28260    
    299              1          28261    
    300              1          28262    
    301              1          28263    
    302              1          28264    
    303              1          28265    
    304              1          28266    
    305              1          28267    
    306              1          28268    
    307              1          28269    
    308              1          28270    
    309              1          28271    
    310              1          28272    
    311              1          28273    
    312              1          28274    
    313              1          28275    
    314              1          28276    
    315              1          28277    
    316              1          28278    
    317              1          28279    
    318              1          28280    
    319              1          28281    
    320              1          28282    
    321              1          28283    
    322              1          28284    
    323              1          28285    
    324              1          28286    
    325              1          28287    
    326              1          28288    
    327              1          28289    
    328              1          28290    
    329              1          28291    
    330              1          28292    
    331              1          28293    
    332              1          28294    
    333              1          28295    
    334              1          28296    
    335              1          28297    
    336              1          28298    
    337              1          28299    
    338              1          28300    
    339              1          28301    
    340              1          28302    
    341              1          28303    
    342              1          28304    
    343              1          28305    
    344              1          28306    
    345              1          28307    
    346              1          28308    
    347              1          28309    
    348              1          28310    
    349              1          28311    
    350              1          28312    
    351              1          28313    
    352              1          28314    
    353              1          28315    
    354              1          28316    
    355              1          28317    
    356              1          28318    
    357              1          28319    
    358              1          28320    
    359              1          28321    
    360              1          28322    
    361              1          28323    
    362              1          28324    
    363              1          28325    
    364              1          28326    
    365              1          28327    
    366              1          28328    
    367              1          28329    
    368              1          28330    
    369              1          28331    
    370              1          28332    
    371            193          28525    
    372             21          28546    
    373             25          28571    
    374             25          28596    
    375             25          28621    
    376             25          28646    
    377             55          28701    
    378             55          28756    
    379             55          28811    
    380             55          28866    

Scene                        Shape Bytes    Text Bytes    ActionScript Bytes
-------------------------    -----------    ----------    ------------------
Scene 1                              246             0                    40

Symbol                       Shape Bytes    Text Bytes    ActionScript Bytes
-------------------------    -----------    ----------    ------------------
mc:strip                               0             0                     0
Tween 2                                0             0                     0
Tween 1                                0             0                     0
i:ek_cookie_300x250_cookie7            0             0                     0
i:ek_cookie_300x250_cookie6            0             0                     0
t:004                                  0             0                     0
i:ek_cookie_300x250_cookie5            0             0                     0
i:ek_cookie_300x250_cookie4            0             0                     0
t:001                                  0             0                     0
i:ek_cookie_300x250_cookie3            0             0                     0
i:ek_cookie_300x250_cookie2            0             0                     0
mc:ek_cookie_300x250_cookie1           0             0                     0
mc:ek_cookie_300x250_cookie2           0             0                     0
mc:ek_cookie_300x250_cookie3           0             0                     0
i:ek_cookie_300x250_cookie1            0             0                     0
mc:matt_351800                         0             0                     0
i:ek_cookie_234x60_bg                  0             0                     0
btn_hotspot                           33             0                     0
Logo EK                             1387             0                     0
t:url                                  0             0                     0
t:002                                  0             0                     0
t:003                                  0             0                     0
t:005                                  0             0                     0
t:006                                  0             0                     0
mc:btnBox                              0             0                     0
t:007                                  0             0                     0
gx_triangle                           33             0                     0
mc:arrow                               0             0                     0
b:send_cookie                          0             0                     0


Tweened Shapes: 615 bytes

ActionScript Bytes    Location
------------------    --------
                40    Scene 1:btn_hotspot:1:No instance name assigned(btn_hotspot)

Bitmap                     Compressed    Compression
-----------------------    ----------  --------  -----------
i:ek_cookie_234x60_bg.png       2914       56160   JPEG Quality=60
i:ek_cookie_300x250_cookie4.png      2549       33936   JPEG Quality=60
i:ek_cookie_300x250_cookie7.png      3092       19928   JPEG Quality=60
i:ek_cookie_300x250_cookie5.png      1405       15360   JPEG Quality=60
i:ek_cookie_300x250_cookie6.png      1600       17608   JPEG Quality=60




