ek_cookie_300x250_yahoo_016_break.swf Movie Report
---------------------------------------------------

Frame #    Frame Bytes    Total Bytes    Scene
-------    -----------    -----------    ----------------
      1          14252          14252    Scene 1 (AS 2.0 Classes Export Frame)
      2              1          14253    
      3              1          14254    
      4              1          14255    
      5              1          14256    
      6              1          14257    
      7              1          14258    
      8              1          14259    
      9              1          14260    
     10              1          14261    
     11              1          14262    
     12              1          14263    
     13              1          14264    
     14              1          14265    
     15              1          14266    
     16              1          14267    
     17              1          14268    
     18              1          14269    
     19              1          14270    
     20              1          14271    
     21              1          14272    
     22              1          14273    
     23              1          14274    
     24              1          14275    
     25              1          14276    
     26              1          14277    
     27              1          14278    
     28              1          14279    
     29              1          14280    
     30              1          14281    
     31           1863          16144    
     32             69          16213    
     33             69          16282    
     34             69          16351    
     35             69          16420    
     36             69          16489    
     37             69          16558    
     38             69          16627    
     39             67          16694    
     40             70          16764    
     41             77          16841    
     42             68          16909    
     43             69          16978    
     44             69          17047    
     45             69          17116    
     46             69          17185    
     47             69          17254    
     48             69          17323    
     49             67          17390    
     50             70          17460    
     51             77          17537    
     52             69          17606    
     53             69          17675    
     54             69          17744    
     55             69          17813    
     56             69          17882    
     57             69          17951    
     58             68          18019    
     59             67          18086    
     60             50          18136    
     61             33          18169    
     62             14          18183    
     63             14          18197    
     64             14          18211    
     65             14          18225    
     66           9638          27863    
     67             49          27912    
     68             49          27961    
     69             49          28010    
     70             49          28059    
     71            334          28393    
     72             16          28409    
     73             16          28425    
     74             16          28441    
     75            336          28777    
     76             16          28793    
     77              7          28800    
     78              7          28807    
     79              7          28814    
     80              7          28821    
     81           2308          31129    
     82             11          31140    
     83             11          31151    
     84             11          31162    
     85             11          31173    
     86              6          31179    
     87              1          31180    
     88              1          31181    
     89              1          31182    
     90              1          31183    
     91              1          31184    
     92              1          31185    
     93              1          31186    
     94              1          31187    
     95              1          31188    
     96              1          31189    
     97              1          31190    
     98              1          31191    
     99              1          31192    
    100              1          31193    
    101              1          31194    
    102              1          31195    
    103              1          31196    
    104              1          31197    
    105              1          31198    
    106              1          31199    
    107              1          31200    
    108              1          31201    
    109              1          31202    
    110              1          31203    
    111              1          31204    
    112              1          31205    
    113              1          31206    
    114              1          31207    
    115              1          31208    
    116              1          31209    
    117             11          31220    
    118             11          31231    
    119             11          31242    
    120             11          31253    
    121           2740          33993    
    122             11          34004    
    123             11          34015    
    124             11          34026    
    125             11          34037    
    126              6          34043    
    127              1          34044    
    128              1          34045    
    129              1          34046    
    130              1          34047    
    131              1          34048    
    132              1          34049    
    133              1          34050    
    134              1          34051    
    135              1          34052    
    136              1          34053    
    137              1          34054    
    138              1          34055    
    139              1          34056    
    140              1          34057    
    141              1          34058    
    142              1          34059    
    143              1          34060    
    144              1          34061    
    145              1          34062    
    146              1          34063    
    147              1          34064    
    148              1          34065    
    149              1          34066    
    150              1          34067    
    151              1          34068    
    152              1          34069    
    153              1          34070    
    154              1          34071    
    155              1          34072    
    156              1          34073    
    157             11          34084    
    158             11          34095    
    159             11          34106    
    160             11          34117    
    161           3590          37707    
    162             11          37718    
    163             11          37729    
    164             11          37740    
    165             11          37751    
    166              6          37757    
    167              1          37758    
    168              1          37759    
    169              1          37760    
    170              1          37761    
    171              1          37762    
    172              1          37763    
    173              1          37764    
    174              1          37765    
    175              1          37766    
    176              1          37767    
    177              1          37768    
    178              1          37769    
    179              1          37770    
    180              1          37771    
    181              1          37772    
    182              1          37773    
    183              1          37774    
    184              1          37775    
    185              1          37776    
    186              1          37777    
    187              1          37778    
    188              1          37779    
    189              1          37780    
    190              1          37781    
    191              1          37782    
    192              1          37783    
    193              1          37784    
    194              1          37785    
    195           2064          39849    
    196             30          39879    
    197             30          39909    
    198             30          39939    
    199             30          39969    
    200             17          39986    
    201            194          40180    

Scene                        Shape Bytes    Text Bytes    ActionScript Bytes
-------------------------    -----------    ----------    ------------------
Scene 1                              134             0                   238

Symbol                       Shape Bytes    Text Bytes    ActionScript Bytes
-------------------------    -----------    ----------    ------------------
i:ek_cookie_300x250_cookie8            0             0                     0
mc:floor                               0             0                     0
t:006                                  0             0                     0
mc:strip                               0             0                     0
Tween 2                                0             0                     0
Tween 1                                0             0                     0
i:ek_cookie_300x250_cookie7            0             0                     0
i:ek_cookie_300x250_cookie6            0             0                     0
t:002                                  0             0                     0
t:003                                  0             0                     0
t:004                                  0             0                     0
i:ek_cookie_300x250_cookie5            0             0                     0
i:ek_cookie_300x250_cookie4            0             0                     0
t:001                                  0             0                     0
i:ek_cookie_300x250_cookie3            0             0                     0
i:ek_cookie_300x250_cookie2            0             0                     0
mc:ek_cookie_300x250_cookie1           0             0                     0
mc:ek_cookie_300x250_cookie2           0             0                     0
mc:ek_cookie_300x250_cookie3           0             0                     0
i:ek_cookie_300x250_cookie1            0             0                     0
mc:matt_351800                         0             0                     0
i:ek_cookie_300x250_bg                 0             0                     0
btn_hotspot                           32             0                     0
Logo EK                             1345             0                     0
t:url                                  0             0                     0
mc:btnBox                              0             0                     0
t:005                                  0             0                     0
gx_triangle                           32             0                     0
mc:arrow                               0             0                     0
b:send_cookie                          0             0                     0


Tweened Shapes: 868 bytes

ActionScript Bytes    Location
------------------    --------
                83    Scene 1:btn_hotspot:1:No instance name assigned(btn_hotspot)
                14    Scene 1:btn_selectcookie:1:No instance name assigned(btn_hotspot)
                14    Scene 1:btn_selectcookie:1:No instance name assigned(btn_hotspot)
                14    Scene 1:btn_selectcookie:1:No instance name assigned(btn_hotspot)
                14    Scene 1:action:40
                14    Scene 1:action:50
                 1    mc:arrow:Layer 2:31
                 1    Scene 1:action:201
                84    Scene 1:t:005:201:No instance name assigned(b:send_cookie)

Bitmap                     Compressed    Compression
-----------------------    ----------  --------  -----------
i:ek_cookie_300x250_bg.png      4572      300000   JPEG Quality=35
i:ek_cookie_300x250_cookie3.png      1375       17324   JPEG Quality=35
i:ek_cookie_300x250_cookie1.png      1503       23976   JPEG Quality=35
i:ek_cookie_300x250_cookie2.png      1497       22632   JPEG Quality=35
i:ek_cookie_300x250_cookie4.png      1660       33936   JPEG Quality=35
i:ek_cookie_300x250_cookie8.png      4217       35432   JPEG Quality=35
i:ek_cookie_300x250_cookie7.png      2339       19928   JPEG Quality=35
i:ek_cookie_300x250_cookie5.png      1187       21584   JPEG Quality=35
i:ek_cookie_300x250_cookie6.png      1312       24236   JPEG Quality=35




