ek_pinwheel_660x90_008_break.swf Movie Report
----------------------------------------------

Frame #    Frame Bytes    Total Bytes    Scene
-------    -----------    -----------    ----------------
      1          12664          12664    Scene 1 (AS 2.0 Classes Export Frame)
      2             37          12701    
      3             37          12738    
      4             37          12775    
      5             37          12812    
      6             37          12849    
      7             37          12886    
      8             37          12923    
      9             37          12960    
     10             37          12997    
     11             38          13035    
     12             38          13073    
     13             38          13111    
     14             38          13149    
     15             38          13187    
     16             38          13225    
     17             38          13263    
     18             38          13301    
     19             38          13339    
     20             38          13377    
     21             38          13415    
     22             38          13453    
     23             38          13491    
     24             38          13529    
     25             38          13567    
     26              1          13568    
     27              1          13569    
     28              1          13570    
     29              1          13571    
     30              1          13572    
     31              1          13573    
     32              1          13574    
     33              1          13575    
     34              1          13576    
     35              1          13577    
     36              1          13578    
     37              1          13579    
     38              1          13580    
     39              1          13581    
     40              1          13582    
     41              1          13583    
     42              1          13584    
     43              1          13585    
     44              1          13586    
     45              1          13587    
     46              1          13588    
     47              1          13589    
     48              1          13590    
     49              1          13591    
     50              1          13592    
     51              1          13593    
     52              1          13594    
     53              1          13595    
     54              1          13596    
     55              1          13597    
     56              1          13598    
     57              1          13599    
     58              1          13600    
     59              1          13601    
     60              1          13602    
     61            728          14330    
     62            648          14978    
     63             18          14996    
     64             18          15014    
     65             18          15032    
     66             18          15050    
     67             18          15068    
     68           1174          16242    
     69             35          16277    
     70             35          16312    
     71             35          16347    
     72             35          16382    
     73            805          17187    
     74             52          17239    
     75             52          17291    
     76             52          17343    
     77             52          17395    
     78             52          17447    
     79             48          17495    
     80             35          17530    
     81             35          17565    
     82             35          17600    
     83             35          17635    
     84             31          17666    
     85             18          17684    
     86             18          17702    
     87             18          17720    
     88             18          17738    
     89             14          17752    
     90              1          17753    
     91              1          17754    
     92              1          17755    
     93              1          17756    
     94              1          17757    
     95             68          17825    
     96              1          17826    
     97              1          17827    
     98              1          17828    
     99              1          17829    
    100             16          17845    
    101              1          17846    
    102              1          17847    
    103              1          17848    
    104              1          17849    
    105             16          17865    
    106              1          17866    
    107              1          17867    
    108              1          17868    
    109              1          17869    
    110              1          17870    
    111              1          17871    
    112              1          17872    
    113              1          17873    
    114              1          17874    
    115              1          17875    
    116              1          17876    
    117              1          17877    
    118              1          17878    
    119              1          17879    
    120              1          17880    
    121              1          17881    
    122              1          17882    
    123              1          17883    
    124              1          17884    
    125              1          17885    
    126             54          17939    
    127             54          17993    
    128             54          18047    
    129             54          18101    
    130             54          18155    
    131             54          18209    
    132             54          18263    
    133             54          18317    
    134             54          18371    
    135             54          18425    
    136             54          18479    
    137             54          18533    
    138             54          18587    
    139             54          18641    
    140             54          18695    
    141             20          18715    
    142              1          18716    
    143              1          18717    
    144              1          18718    
    145              1          18719    
    146              1          18720    
    147              1          18721    
    148              1          18722    
    149              1          18723    
    150              1          18724    
    151              1          18725    
    152              1          18726    
    153              1          18727    
    154           1003          19730    
    155             18          19748    
    156             18          19766    
    157             18          19784    
    158             18          19802    
    159             18          19820    
    160           1101          20921    
    161             35          20956    
    162             35          20991    
    163             35          21026    
    164             35          21061    
    165             35          21096    
    166             35          21131    
    167             35          21166    
    168             35          21201    
    169             35          21236    
    170             35          21271    
    171             31          21302    
    172             18          21320    
    173             18          21338    
    174             18          21356    
    175             18          21374    
    176             14          21388    
    177              1          21389    
    178              1          21390    
    179              1          21391    
    180              1          21392    
    181              1          21393    
    182              1          21394    
    183             11          21405    
    184              1          21406    
    185              1          21407    
    186              1          21408    
    187              1          21409    
    188              1          21410    
    189              1          21411    
    190              1          21412    
    191              1          21413    
    192              1          21414    
    193              1          21415    
    194              1          21416    
    195              1          21417    
    196              1          21418    
    197              1          21419    
    198              1          21420    
    199              1          21421    
    200              1          21422    
    201              1          21423    
    202              1          21424    
    203              1          21425    
    204              1          21426    
    205              1          21427    
    206              1          21428    
    207              1          21429    
    208              1          21430    
    209              1          21431    
    210              1          21432    
    211              1          21433    
    212              1          21434    
    213              1          21435    
    214              1          21436    
    215              1          21437    
    216              1          21438    
    217             36          21474    
    218             28          21502    
    219             28          21530    
    220             28          21558    
    221             28          21586    
    222             28          21614    
    223             28          21642    
    224             28          21670    
    225             28          21698    
    226             28          21726    
    227             28          21754    
    228             28          21782    
    229             28          21810    
    230             28          21838    
    231             28          21866    
    232             28          21894    
    233             28          21922    
    234             28          21950    
    235             36          21986    
    236             11          21997    
    237              1          21998    
    238              1          21999    
    239              1          22000    
    240              1          22001    
    241              1          22002    
    242              1          22003    
    243              1          22004    
    244            772          22776    
    245             18          22794    
    246             18          22812    
    247             18          22830    
    248             18          22848    
    249           1420          24268    
    250             31          24299    
    251             31          24330    
    252             31          24361    
    253             31          24392    
    254           1555          25947    
    255             44          25991    
    256             44          26035    
    257             44          26079    
    258             44          26123    
    259             40          26163    
    260             27          26190    
    261             27          26217    
    262             27          26244    
    263             27          26271    
    264             23          26294    
    265             14          26308    
    266             14          26322    
    267             14          26336    
    268             14          26350    
    269             10          26360    
    270              8          26368    

Scene                        Shape Bytes    Text Bytes    ActionScript Bytes
-------------------------    -----------    ----------    ------------------
Scene 1                                0             0                   163

Symbol                       Shape Bytes    Text Bytes    ActionScript Bytes
-------------------------    -----------    ----------    ------------------
t:001                                  0             0                     0
mc_dot                                33             0                     0
mc:logo                                0             0                     0
t:url                                  0             0                     0
mc:matt_A90101                         0             0                     0
...                                    0             0                     0
bg2                                    0             0                     0
bg_col                                33             0                     0
banner_bg                             31             0                     0
t:009                                  0             0                     0
t:008                                  0             0                     0
t:007                                  0             0                     0
t:006                                  0             0                     0
t:011                                  0             0                     0
t:010                                  0             0                     0
t:004                                  0             0                     0
t:003                                  0             0                     0
t:002                                  0             0                     0
yp2a                                   0             0                     0
bannerSlogan                           0             0                     0
rollmask                              28             0                     0
banner02                               0             0                     0
banner01                               0             0                     0
yellowpin2                             0             0                     0
hyperlink                             30             0                     0
mc:btnBox                              0             0                     0
gx_triangle                           30             0                     0
mc:arrow                               0             0                     0
b:send_cookie                          0             0                     0
t:005                                  0             0                     0
yellowping2                            0             0                     0

ActionScript Bytes    Location
------------------    --------
                48    Scene 1:yp1:1:y1(yellowpin2)
                36    Scene 1:URL button:61:No instance name assigned(hyperlink)
                78    Scene 1:b:send_cookie:249:No instance name assigned(b:send_cookie)
                 1    Scene 1:as:270

Bitmap                     Compressed    Compression
-----------------------    ----------  --------  -----------
yellow4(336x250-low60%).jpg      2827      183600   JPEG Quality=60
CB_3.png                        4396       90000   JPEG Quality=60




