ek_pinwheel_336x280_008_break.swf Movie Report
-----------------------------------------------

Frame #    Frame Bytes    Total Bytes    Scene
-------    -----------    -----------    ----------------
      1          13899          13899    Scene 1 (AS 2.0 Classes Export Frame)
      2              1          13900    
      3              1          13901    
      4              1          13902    
      5              1          13903    
      6              1          13904    
      7              1          13905    
      8              1          13906    
      9              1          13907    
     10              1          13908    
     11              1          13909    
     12              1          13910    
     13              1          13911    
     14              1          13912    
     15              1          13913    
     16              1          13914    
     17              1          13915    
     18              1          13916    
     19              1          13917    
     20              1          13918    
     21              1          13919    
     22              1          13920    
     23              1          13921    
     24              1          13922    
     25              1          13923    
     26              1          13924    
     27              1          13925    
     28              1          13926    
     29              1          13927    
     30              1          13928    
     31              1          13929    
     32              1          13930    
     33              1          13931    
     34              1          13932    
     35              1          13933    
     36              1          13934    
     37              1          13935    
     38              1          13936    
     39              1          13937    
     40              1          13938    
     41              1          13939    
     42              1          13940    
     43              1          13941    
     44              1          13942    
     45              1          13943    
     46              1          13944    
     47              1          13945    
     48              1          13946    
     49              1          13947    
     50              1          13948    
     51              1          13949    
     52              1          13950    
     53              1          13951    
     54              1          13952    
     55              1          13953    
     56              1          13954    
     57              1          13955    
     58              1          13956    
     59              1          13957    
     60              1          13958    
     61            710          14668    
     62            670          15338    
     63             18          15356    
     64             18          15374    
     65             18          15392    
     66             18          15410    
     67             18          15428    
     68           1206          16634    
     69             34          16668    
     70             34          16702    
     71             34          16736    
     72             34          16770    
     73            848          17618    
     74             51          17669    
     75             51          17720    
     76             51          17771    
     77             51          17822    
     78             51          17873    
     79             47          17920    
     80             34          17954    
     81             34          17988    
     82             34          18022    
     83             34          18056    
     84             30          18086    
     85             18          18104    
     86             18          18122    
     87             18          18140    
     88             18          18158    
     89             14          18172    
     90              1          18173    
     91              1          18174    
     92              1          18175    
     93              1          18176    
     94              1          18177    
     95            190          18367    
     96              1          18368    
     97              1          18369    
     98              1          18370    
     99              1          18371    
    100             11          18382    
    101              1          18383    
    102              1          18384    
    103              1          18385    
    104             88          18473    
    105              1          18474    
    106              1          18475    
    107              1          18476    
    108              1          18477    
    109              1          18478    
    110              1          18479    
    111              1          18480    
    112              1          18481    
    113              1          18482    
    114              1          18483    
    115              1          18484    
    116              1          18485    
    117              1          18486    
    118              1          18487    
    119              1          18488    
    120              1          18489    
    121              1          18490    
    122              1          18491    
    123              1          18492    
    124              1          18493    
    125              1          18494    
    126             36          18530    
    127             36          18566    
    128             36          18602    
    129             36          18638    
    130             36          18674    
    131             36          18710    
    132             36          18746    
    133             36          18782    
    134             36          18818    
    135             36          18854    
    136             36          18890    
    137             36          18926    
    138             36          18962    
    139             36          18998    
    140             36          19034    
    141             11          19045    
    142              1          19046    
    143              1          19047    
    144              1          19048    
    145              1          19049    
    146              1          19050    
    147              1          19051    
    148              1          19052    
    149              1          19053    
    150              1          19054    
    151              1          19055    
    152              1          19056    
    153              1          19057    
    154           1027          20084    
    155             18          20102    
    156             18          20120    
    157             18          20138    
    158             18          20156    
    159             18          20174    
    160           1145          21319    
    161             34          21353    
    162             34          21387    
    163             34          21421    
    164             34          21455    
    165             34          21489    
    166             34          21523    
    167             34          21557    
    168             34          21591    
    169             34          21625    
    170             34          21659    
    171             30          21689    
    172             18          21707    
    173             18          21725    
    174             18          21743    
    175             18          21761    
    176             14          21775    
    177              1          21776    
    178              1          21777    
    179              1          21778    
    180              1          21779    
    181              1          21780    
    182              1          21781    
    183             45          21826    
    184              1          21827    
    185              1          21828    
    186              1          21829    
    187              1          21830    
    188              1          21831    
    189              1          21832    
    190              1          21833    
    191              1          21834    
    192              1          21835    
    193              1          21836    
    194              1          21837    
    195              1          21838    
    196              1          21839    
    197              1          21840    
    198              1          21841    
    199              1          21842    
    200              1          21843    
    201              1          21844    
    202              1          21845    
    203              1          21846    
    204              1          21847    
    205              1          21848    
    206              1          21849    
    207              1          21850    
    208              1          21851    
    209              1          21852    
    210              1          21853    
    211              1          21854    
    212              1          21855    
    213              1          21856    
    214              1          21857    
    215              1          21858    
    216              1          21859    
    217             27          21886    
    218             27          21913    
    219             27          21940    
    220             27          21967    
    221             27          21994    
    222             27          22021    
    223             27          22048    
    224             27          22075    
    225             27          22102    
    226             27          22129    
    227             27          22156    
    228             27          22183    
    229             27          22210    
    230             27          22237    
    231             27          22264    
    232             27          22291    
    233             27          22318    
    234             27          22345    
    235             27          22372    
    236             11          22383    
    237              1          22384    
    238              1          22385    
    239              1          22386    
    240              1          22387    
    241              1          22388    
    242              1          22389    
    243              1          22390    
    244            749          23139    
    245             18          23157    
    246             18          23175    
    247             18          23193    
    248             18          23211    
    249             18          23229    
    250             18          23247    
    251             18          23265    
    252             18          23283    
    253             18          23301    
    254           2983          26284    
    255             47          26331    
    256             47          26378    
    257             47          26425    
    258             47          26472    
    259             43          26515    
    260             30          26545    
    261             30          26575    
    262             30          26605    
    263             30          26635    
    264             30          26665    
    265             30          26695    
    266             30          26725    
    267             30          26755    
    268             30          26785    
    269            136          26921    
    270              7          26928    

Scene                        Shape Bytes    Text Bytes    ActionScript Bytes
-------------------------    -----------    ----------    ------------------
Scene 1                              820            42                   196

Symbol                       Shape Bytes    Text Bytes    ActionScript Bytes
-------------------------    -----------    ----------    ------------------
t:url                                  0             0                     0
.                                     33             0                     0
...                                   71             0                     0
Symbol 51                              0             0                     0
Symbol 50                              0             0                     0
bg_col                                31             0                     0
Symbol 47                              0             0                     0
banner_bg                             30             0                     0
Symbol 40                              0             0                     0
bg                                     0             0                     0
Symbol 35                              0             0                     0
text11                              1589             0                     0
t:10                                   0             0                     0
t:9                                    0             0                     0
text8                                  0             0                     0
text7                                  0             0                     0
text6                               1109             0                     0
text5                               1008             0                     0
Tween 1                                0             0                     0
text4                                  0             0                     0
text3                                795             0                     0
text2                               1170             0                     0
text1                                651             0                     0
yp2a                                   0             0                     0
yp2                                    0             0                     0
bannerSlogan                        1080             0                     0
rollmask                              27             0                     0
banner02                               0             0                     0
banner01                               0             0                     1
yellowpin2                             0             0                     0
bigy.ai                                0             0                     0
o.ai                                   0             0                     0
u.ai                                   0             0                     0
h.ai                                   0             0                     0
a.ai                                   0             0                     0
v.ai                                   0             0                     0
e.ai                                   0             0                     0
c.ai                                   0             0                     0
n.ai                                   0             0                     0
t.ai                                   0             0                     0
w.ai                                   0             0                     0
i.ai                                   0             0                     0
hyperlink                             33             0                     0
mc:btnBox                              0             0                     0
t:011                                  0             0                     0
gx_triangle                           30             0                     0
mc:arrow                               0             0                     0
b:send_cookie                          0             0                     0
yellowping2                            0             0                     0
bg2                                    0             0                     0

Font Name                 Bytes        Characters    
----------------------    ---------    --------------
EK03Plain-M                     136    .

ActionScript Bytes    Location
------------------    --------
                 1    banner01:Layer 1:25
                47    Scene 1:yp1:1:y1(yellowpin2)
                35    Scene 1:URL button:61:No instance name assigned(hyperlink)
                77    Scene 1:b:send_cookie:254:No instance name assigned(b:send_cookie)
                36    Scene 1:b:send_cookie:269:No instance name assigned(b:send_cookie)
                 1    Scene 1:as:270

Bitmap                     Compressed    Compression
-----------------------    ----------  --------  -----------
yellow4(336x250-low60%).jpg      2696      135744   Imported JPEG=102
banner01a.png                    298         588   JPEG Quality=60
CB_3.png                        4312       90000   JPEG Quality=60




