ek_cookie_300x250_aktiv_014_break.swf Movie Report
---------------------------------------------------

Frame #    Frame Bytes    Total Bytes    Scene
-------    -----------    -----------    ----------------
      1          20639          20639    Scene 1 (AS 2.0 Classes Export Frame)
      2              1          20640    
      3              1          20641    
      4              1          20642    
      5              1          20643    
      6              1          20644    
      7              1          20645    
      8              1          20646    
      9              1          20647    
     10              1          20648    
     11              1          20649    
     12              1          20650    
     13              1          20651    
     14              1          20652    
     15              1          20653    
     16              1          20654    
     17              1          20655    
     18              1          20656    
     19              1          20657    
     20              1          20658    
     21              1          20659    
     22              1          20660    
     23              1          20661    
     24              1          20662    
     25              1          20663    
     26              1          20664    
     27              1          20665    
     28              1          20666    
     29              1          20667    
     30              1          20668    
     31              1          20669    
     32              1          20670    
     33              1          20671    
     34              1          20672    
     35              1          20673    
     36              1          20674    
     37              1          20675    
     38              1          20676    
     39              1          20677    
     40              1          20678    
     41              1          20679    
     42              1          20680    
     43              1          20681    
     44              1          20682    
     45              1          20683    
     46              1          20684    
     47              1          20685    
     48              1          20686    
     49              1          20687    
     50              1          20688    
     51              1          20689    
     52              1          20690    
     53              1          20691    
     54              1          20692    
     55              1          20693    
     56              1          20694    
     57              1          20695    
     58              1          20696    
     59              1          20697    
     60              1          20698    
     61           2712          23410    
     62             70          23480    
     63             70          23550    
     64             70          23620    
     65             70          23690    
     66             70          23760    
     67             70          23830    
     68             70          23900    
     69             68          23968    
     70             71          24039    
     71             78          24117    
     72             69          24186    
     73             70          24256    
     74             70          24326    
     75             70          24396    
     76             70          24466    
     77             70          24536    
     78             70          24606    
     79             68          24674    
     80             71          24745    
     81             78          24823    
     82             70          24893    
     83             70          24963    
     84             70          25033    
     85             70          25103    
     86             70          25173    
     87             70          25243    
     88             69          25312    
     89             68          25380    
     90             50          25430    
     91             34          25464    
     92             14          25478    
     93             14          25492    
     94             14          25506    
     95             14          25520    
     96          11453          36973    
     97             50          37023    
     98             50          37073    
     99             50          37123    
    100             50          37173    
    101            338          37511    
    102             16          37527    
    103             16          37543    
    104             16          37559    
    105            341          37900    
    106             16          37916    
    107              7          37923    
    108              7          37930    
    109              7          37937    
    110              7          37944    
    111           2090          40034    
    112             11          40045    
    113             11          40056    
    114             11          40067    
    115             11          40078    
    116              7          40085    
    117              1          40086    
    118              1          40087    
    119              1          40088    
    120              1          40089    
    121              1          40090    
    122              1          40091    
    123              1          40092    
    124              1          40093    
    125              1          40094    
    126              1          40095    
    127              1          40096    
    128              1          40097    
    129              1          40098    
    130              1          40099    
    131              1          40100    
    132              1          40101    
    133              1          40102    
    134              1          40103    
    135              1          40104    
    136              1          40105    
    137              1          40106    
    138              1          40107    
    139              1          40108    
    140              1          40109    
    141              1          40110    
    142              1          40111    
    143              1          40112    
    144              1          40113    
    145              1          40114    
    146              1          40115    
    147              1          40116    
    148              1          40117    
    149              1          40118    
    150              1          40119    
    151              1          40120    
    152              1          40121    
    153              1          40122    
    154              1          40123    
    155              1          40124    
    156              1          40125    
    157              1          40126    
    158              1          40127    
    159              1          40128    
    160              1          40129    
    161              1          40130    
    162              1          40131    
    163              1          40132    
    164              1          40133    
    165              1          40134    
    166              1          40135    
    167             11          40146    
    168             11          40157    
    169             11          40168    
    170             11          40179    
    171           2381          42560    
    172             11          42571    
    173             11          42582    
    174             11          42593    
    175             11          42604    
    176              7          42611    
    177              1          42612    
    178              1          42613    
    179              1          42614    
    180              1          42615    
    181              1          42616    
    182              1          42617    
    183              1          42618    
    184              1          42619    
    185              1          42620    
    186              1          42621    
    187              1          42622    
    188              1          42623    
    189              1          42624    
    190              1          42625    
    191              1          42626    
    192              1          42627    
    193              1          42628    
    194              1          42629    
    195              1          42630    
    196              1          42631    
    197              1          42632    
    198              1          42633    
    199              1          42634    
    200              1          42635    
    201              1          42636    
    202              1          42637    
    203              1          42638    
    204              1          42639    
    205              1          42640    
    206              1          42641    
    207              1          42642    
    208              1          42643    
    209              1          42644    
    210              1          42645    
    211              1          42646    
    212              1          42647    
    213              1          42648    
    214              1          42649    
    215              1          42650    
    216              1          42651    
    217              1          42652    
    218              1          42653    
    219              1          42654    
    220              1          42655    
    221              1          42656    
    222              1          42657    
    223              1          42658    
    224              1          42659    
    225              1          42660    
    226              1          42661    
    227             11          42672    
    228             11          42683    
    229             11          42694    
    230             11          42705    
    231           2782          45487    
    232             11          45498    
    233             11          45509    
    234             11          45520    
    235             11          45531    
    236              7          45538    
    237              1          45539    
    238              1          45540    
    239              1          45541    
    240              1          45542    
    241              1          45543    
    242              1          45544    
    243              1          45545    
    244              1          45546    
    245              1          45547    
    246              1          45548    
    247              1          45549    
    248              1          45550    
    249              1          45551    
    250              1          45552    
    251              1          45553    
    252              1          45554    
    253              1          45555    
    254              1          45556    
    255              1          45557    
    256           1590          47147    
    257             11          47158    
    258             11          47169    
    259             11          47180    
    260             11          47191    
    261            137          47328    
    262              1          47329    
    263              1          47330    
    264              1          47331    
    265              1          47332    
    266              1          47333    
    267              1          47334    
    268              1          47335    
    269              1          47336    
    270              1          47337    
    271              1          47338    
    272              1          47339    
    273              1          47340    
    274              1          47341    
    275              1          47342    
    276              1          47343    
    277              1          47344    
    278              1          47345    
    279              1          47346    
    280              1          47347    
    281              1          47348    
    282              1          47349    
    283              1          47350    
    284              1          47351    
    285              1          47352    
    286              1          47353    
    287              1          47354    
    288              1          47355    
    289              1          47356    
    290              1          47357    
    291              1          47358    
    292              1          47359    
    293              1          47360    
    294              1          47361    
    295              1          47362    
    296              1          47363    
    297              1          47364    
    298              1          47365    
    299              1          47366    
    300              1          47367    
    301              1          47368    
    302              1          47369    
    303              1          47370    
    304              1          47371    
    305              1          47372    
    306              1          47373    
    307              1          47374    
    308              1          47375    
    309              1          47376    
    310              1          47377    
    311              1          47378    
    312              1          47379    
    313              1          47380    
    314              1          47381    
    315              1          47382    
    316              1          47383    
    317              1          47384    
    318              1          47385    
    319              1          47386    
    320              1          47387    
    321              1          47388    
    322              1          47389    
    323              1          47390    
    324              1          47391    
    325              1          47392    
    326              1          47393    
    327              1          47394    
    328              1          47395    
    329              1          47396    
    330              1          47397    
    331              1          47398    
    332              1          47399    
    333              1          47400    
    334              1          47401    
    335              1          47402    
    336              1          47403    
    337              1          47404    
    338              1          47405    
    339              1          47406    
    340              1          47407    
    341              1          47408    
    342              1          47409    
    343              1          47410    
    344              1          47411    
    345              1          47412    
    346              1          47413    
    347             11          47424    
    348             11          47435    
    349             11          47446    
    350             11          47457    

Scene                        Shape Bytes    Text Bytes    ActionScript Bytes
-------------------------    -----------    ----------    ------------------
Scene 1                              136             0                   149

Symbol                       Shape Bytes    Text Bytes    ActionScript Bytes
-------------------------    -----------    ----------    ------------------
i:ek_cookie_300x250_cookie8            0             0                     0
mc:floor                               0             0                     0
mc:strip                               0             0                     0
Tween 2                                0             0                     0
Tween 1                                0             0                     0
i:ek_cookie_300x250_cookie7            0             0                     0
i:ek_cookie_300x250_cookie6            0             0                     0
i:ek_cookie_300x250_cookie5            0             0                     0
i:ek_cookie_300x250_cookie4            0             0                     0
i:ek_cookie_300x250_cookie3            0             0                     0
i:ek_cookie_300x250_cookie2            0             0                     0
mc:ek_cookie_300x250_cookie1           0             0                     0
mc:ek_cookie_300x250_cookie2           0             0                     0
mc:ek_cookie_300x250_cookie3           0             0                     0
i:ek_cookie_300x250_cookie1            0             0                     0
mc:matt_351800                         0             0                     0
i:ek_cookie_300x250_bg                 0             0                     0
btn_hotspot                           33             0                     0
Logo EK                             1365             0                     0
t:url                                  0             0                     0
t:001                                  0             0                     0
t:002                                  0             0                     0
t:003                                  0             0                     0
t:004                                  0             0                     0
t:006                                  0             0                     0
mc:btnBox                              0             0                     0
gx_triangle                           33             0                     0
mc:arrow                               0             0                     0
b:send_cookie                          0             0                     0
t:005                                  0             0                     0


Tweened Shapes: 881 bytes

ActionScript Bytes    Location
------------------    --------
                39    Scene 1:btn_hotspot:1:No instance name assigned(btn_hotspot)
                14    Scene 1:btn_selectcookie:1:No instance name assigned(btn_hotspot)
                14    Scene 1:btn_selectcookie:1:No instance name assigned(btn_hotspot)
                14    Scene 1:btn_selectcookie:1:No instance name assigned(btn_hotspot)
                14    Scene 1:action:70
                14    Scene 1:action:80
                40    Scene 1:b:send_cookie:261:No instance name assigned(b:send_cookie)

Bitmap                     Compressed    Compression
-----------------------    ----------  --------  -----------
i:ek_cookie_300x250_bg.png     10009      300000   JPEG Quality=60
i:ek_cookie_300x250_cookie3.png      1791       17324   JPEG Quality=60
i:ek_cookie_300x250_cookie1.png      1928       23976   JPEG Quality=60
i:ek_cookie_300x250_cookie2.png      1911       22632   JPEG Quality=60
i:ek_cookie_300x250_cookie4.png      2507       33936   JPEG Quality=60
i:ek_cookie_300x250_cookie8.png      4334       35432   JPEG Quality=60
i:ek_cookie_300x250_cookie7.png      3041       19928   JPEG Quality=60
i:ek_cookie_300x250_cookie5.png      1629       21584   JPEG Quality=60
i:ek_cookie_300x250_cookie6.png      1859       24236   JPEG Quality=60




