ek_pinwheel_336x280_25k_008_break.swf Movie Report
---------------------------------------------------

Frame #    Frame Bytes    Total Bytes    Scene
-------    -----------    -----------    ----------------
      1          13035          13035    Scene 1 (AS 2.0 Classes Export Frame)
      2              1          13036    
      3              1          13037    
      4              1          13038    
      5              1          13039    
      6              1          13040    
      7              1          13041    
      8              1          13042    
      9              1          13043    
     10              1          13044    
     11              1          13045    
     12              1          13046    
     13              1          13047    
     14              1          13048    
     15              1          13049    
     16              1          13050    
     17              1          13051    
     18              1          13052    
     19              1          13053    
     20              1          13054    
     21              1          13055    
     22              1          13056    
     23              1          13057    
     24              1          13058    
     25              1          13059    
     26              1          13060    
     27              1          13061    
     28              1          13062    
     29              1          13063    
     30              1          13064    
     31              1          13065    
     32              1          13066    
     33              1          13067    
     34              1          13068    
     35              1          13069    
     36              1          13070    
     37              1          13071    
     38              1          13072    
     39              1          13073    
     40              1          13074    
     41              1          13075    
     42              1          13076    
     43              1          13077    
     44              1          13078    
     45              1          13079    
     46              1          13080    
     47              1          13081    
     48              1          13082    
     49              1          13083    
     50              1          13084    
     51              1          13085    
     52              1          13086    
     53              1          13087    
     54              1          13088    
     55              1          13089    
     56              1          13090    
     57              1          13091    
     58              1          13092    
     59              1          13093    
     60              1          13094    
     61            704          13798    
     62            665          14463    
     63             18          14481    
     64             18          14499    
     65             18          14517    
     66             18          14535    
     67             18          14553    
     68           1196          15749    
     69             34          15783    
     70             34          15817    
     71             34          15851    
     72             34          15885    
     73            841          16726    
     74             50          16776    
     75             50          16826    
     76             50          16876    
     77             50          16926    
     78             50          16976    
     79             47          17023    
     80             34          17057    
     81             34          17091    
     82             34          17125    
     83             34          17159    
     84             30          17189    
     85             18          17207    
     86             18          17225    
     87             18          17243    
     88             18          17261    
     89             14          17275    
     90              1          17276    
     91              1          17277    
     92              1          17278    
     93              1          17279    
     94              1          17280    
     95            188          17468    
     96              1          17469    
     97              1          17470    
     98              1          17471    
     99              1          17472    
    100             10          17482    
    101              1          17483    
    102              1          17484    
    103              1          17485    
    104             87          17572    
    105              1          17573    
    106              1          17574    
    107              1          17575    
    108              1          17576    
    109              1          17577    
    110              1          17578    
    111              1          17579    
    112              1          17580    
    113              1          17581    
    114              1          17582    
    115              1          17583    
    116              1          17584    
    117              1          17585    
    118              1          17586    
    119              1          17587    
    120              1          17588    
    121              1          17589    
    122              1          17590    
    123              1          17591    
    124              1          17592    
    125              1          17593    
    126             36          17629    
    127             36          17665    
    128             36          17701    
    129             36          17737    
    130             36          17773    
    131             36          17809    
    132             36          17845    
    133             36          17881    
    134             36          17917    
    135             36          17953    
    136             36          17989    
    137             36          18025    
    138             36          18061    
    139             36          18097    
    140             36          18133    
    141             10          18143    
    142              1          18144    
    143              1          18145    
    144              1          18146    
    145              1          18147    
    146              1          18148    
    147              1          18149    
    148              1          18150    
    149              1          18151    
    150              1          18152    
    151              1          18153    
    152              1          18154    
    153              1          18155    
    154           1019          19174    
    155             18          19192    
    156             18          19210    
    157             18          19228    
    158             18          19246    
    159             18          19264    
    160           1136          20400    
    161             34          20434    
    162             34          20468    
    163             34          20502    
    164             34          20536    
    165             34          20570    
    166             34          20604    
    167             34          20638    
    168             34          20672    
    169             34          20706    
    170             34          20740    
    171             30          20770    
    172             18          20788    
    173             18          20806    
    174             18          20824    
    175             18          20842    
    176             14          20856    
    177              1          20857    
    178              1          20858    
    179              1          20859    
    180              1          20860    
    181              1          20861    
    182              1          20862    
    183             44          20906    
    184              1          20907    
    185              1          20908    
    186              1          20909    
    187              1          20910    
    188              1          20911    
    189              1          20912    
    190              1          20913    
    191              1          20914    
    192              1          20915    
    193              1          20916    
    194              1          20917    
    195              1          20918    
    196              1          20919    
    197              1          20920    
    198              1          20921    
    199              1          20922    
    200              1          20923    
    201              1          20924    
    202              1          20925    
    203              1          20926    
    204              1          20927    
    205              1          20928    
    206              1          20929    
    207              1          20930    
    208              1          20931    
    209              1          20932    
    210              1          20933    
    211              1          20934    
    212              1          20935    
    213              1          20936    
    214              1          20937    
    215              1          20938    
    216              1          20939    
    217             27          20966    
    218             27          20993    
    219             27          21020    
    220             27          21047    
    221             27          21074    
    222             27          21101    
    223             27          21128    
    224             27          21155    
    225             27          21182    
    226             27          21209    
    227             27          21236    
    228             27          21263    
    229             27          21290    
    230             27          21317    
    231             27          21344    
    232             27          21371    
    233             27          21398    
    234             27          21425    
    235             27          21452    
    236             10          21462    
    237              1          21463    
    238              1          21464    
    239              1          21465    
    240              1          21466    
    241              1          21467    
    242              1          21468    
    243              1          21469    
    244            743          22212    
    245             18          22230    
    246             18          22248    
    247             18          22266    
    248             18          22284    
    249             18          22302    
    250             18          22320    
    251             18          22338    
    252             18          22356    
    253             18          22374    
    254           2958          25332    
    255             47          25379    
    256             47          25426    
    257             47          25473    
    258             47          25520    
    259             43          25563    
    260             30          25593    
    261             30          25623    
    262             30          25653    
    263             30          25683    
    264             30          25713    
    265             30          25743    
    266             30          25773    
    267             30          25803    
    268             30          25833    
    269            135          25968    
    270              7          25975    

Scene                        Shape Bytes    Text Bytes    ActionScript Bytes
-------------------------    -----------    ----------    ------------------
Scene 1                              814            42                   195

Symbol                       Shape Bytes    Text Bytes    ActionScript Bytes
-------------------------    -----------    ----------    ------------------
t:url                                  0             0                     0
.                                     33             0                     0
...                                   70             0                     0
Symbol 51                              0             0                     0
Symbol 50                              0             0                     0
bg_col                                31             0                     0
Symbol 47                              0             0                     0
banner_bg                             30             0                     0
Symbol 40                              0             0                     0
bg                                     0             0                     0
Symbol 35                              0             0                     0
text11                              1575             0                     0
t:10                                   0             0                     0
t:9                                    0             0                     0
text8                                  0             0                     0
text7                                  0             0                     0
text6                               1100             0                     0
text5                                999             0                     0
Tween 1                                0             0                     0
text4                                  0             0                     0
text3                                789             0                     0
text2                               1160             0                     0
text1                                645             0                     0
yp2a                                   0             0                     0
yp2                                    0             0                     0
bannerSlogan                        1071             0                     0
rollmask                              27             0                     0
banner02                               0             0                     0
banner01                               0             0                     1
yellowpin2                             0             0                     0
bigy.ai                                0             0                     0
o.ai                                   0             0                     0
u.ai                                   0             0                     0
h.ai                                   0             0                     0
a.ai                                   0             0                     0
v.ai                                   0             0                     0
e.ai                                   0             0                     0
c.ai                                   0             0                     0
n.ai                                   0             0                     0
t.ai                                   0             0                     0
w.ai                                   0             0                     0
i.ai                                   0             0                     0
hyperlink                             32             0                     0
mc:btnBox                              0             0                     0
t:011                                  0             0                     0
gx_triangle                           29             0                     0
mc:arrow                               0             0                     0
b:send_cookie                          0             0                     0
yellowping2                            0             0                     0
bg2                                    0             0                     0

Font Name                 Bytes        Characters    
----------------------    ---------    --------------
EK03Plain-M                     135    .

ActionScript Bytes    Location
------------------    --------
                 1    banner01:Layer 1:25
                47    Scene 1:yp1:1:y1(yellowpin2)
                35    Scene 1:URL button:61:No instance name assigned(hyperlink)
                76    Scene 1:b:send_cookie:254:No instance name assigned(b:send_cookie)
                36    Scene 1:b:send_cookie:269:No instance name assigned(b:send_cookie)
                 1    Scene 1:as:270

Bitmap                     Compressed    Compression
-----------------------    ----------  --------  -----------
yellow4(336x250-low60%).jpg      2674      135744   Imported JPEG=102
banner01a.png                    285         588   JPEG Quality=45
CB_3.png                        3538       90000   JPEG Quality=45




