ek_pinwheel_264x200_007.swf Movie Report
-----------------------------------------

Frame #    Frame Bytes    Total Bytes    Scene
-------    -----------    -----------    ----------------
      1          13727          13727    Scene 1 (AS 2.0 Classes Export Frame)
      2             41          13768    
      3             41          13809    
      4             41          13850    
      5             41          13891    
      6             41          13932    
      7             41          13973    
      8             41          14014    
      9             41          14055    
     10             41          14096    
     11             41          14137    
     12             41          14178    
     13             41          14219    
     14             41          14260    
     15             41          14301    
     16             41          14342    
     17             41          14383    
     18             41          14424    
     19             41          14465    
     20             41          14506    
     21             42          14548    
     22             42          14590    
     23             42          14632    
     24             42          14674    
     25             42          14716    
     26              1          14717    
     27              1          14718    
     28              1          14719    
     29              1          14720    
     30              1          14721    
     31              1          14722    
     32              1          14723    
     33              1          14724    
     34              1          14725    
     35              1          14726    
     36              1          14727    
     37              1          14728    
     38              1          14729    
     39              1          14730    
     40              1          14731    
     41              1          14732    
     42              1          14733    
     43              1          14734    
     44              1          14735    
     45              1          14736    
     46              1          14737    
     47              1          14738    
     48              1          14739    
     49              1          14740    
     50              1          14741    
     51              1          14742    
     52              1          14743    
     53              1          14744    
     54              1          14745    
     55              1          14746    
     56              1          14747    
     57              1          14748    
     58              1          14749    
     59              1          14750    
     60              1          14751    
     61            676          15427    
     62             73          15500    
     63             12          15512    
     64             12          15524    
     65             12          15536    
     66             12          15548    
     67             12          15560    
     68             87          15647    
     69             23          15670    
     70             23          15693    
     71             23          15716    
     72             23          15739    
     73             99          15838    
     74             35          15873    
     75             35          15908    
     76             35          15943    
     77             35          15978    
     78             35          16013    
     79             32          16045    
     80             24          16069    
     81             24          16093    
     82             24          16117    
     83             24          16141    
     84             21          16162    
     85             13          16175    
     86             13          16188    
     87             13          16201    
     88             13          16214    
     89              9          16223    
     90              1          16224    
     91              1          16225    
     92              1          16226    
     93              1          16227    
     94              1          16228    
     95             45          16273    
     96              1          16274    
     97              1          16275    
     98              1          16276    
     99              1          16277    
    100             59          16336    
    101              1          16337    
    102              1          16338    
    103              1          16339    
    104             72          16411    
    105              1          16412    
    106              1          16413    
    107              1          16414    
    108              1          16415    
    109              1          16416    
    110              1          16417    
    111              1          16418    
    112              1          16419    
    113              1          16420    
    114              1          16421    
    115              1          16422    
    116              1          16423    
    117              1          16424    
    118              1          16425    
    119              1          16426    
    120              1          16427    
    121              1          16428    
    122              1          16429    
    123              1          16430    
    124              1          16431    
    125             33          16464    
    126             33          16497    
    127             33          16530    
    128             33          16563    
    129             33          16596    
    130             33          16629    
    131             33          16662    
    132             33          16695    
    133             33          16728    
    134             33          16761    
    135             33          16794    
    136             33          16827    
    137             33          16860    
    138             33          16893    
    139             33          16926    
    140             33          16959    
    141             33          16992    
    142             33          17025    
    143             33          17058    
    144             33          17091    
    145              1          17092    
    146              1          17093    
    147              1          17094    
    148              1          17095    
    149              1          17096    
    150              1          17097    
    151              1          17098    
    152              1          17099    
    153              1          17100    
    154             75          17175    
    155             12          17187    
    156             12          17199    
    157             12          17211    
    158             12          17223    
    159             12          17235    
    160             79          17314    
    161             23          17337    
    162             23          17360    
    163             23          17383    
    164             23          17406    
    165            101          17507    
    166             35          17542    
    167             35          17577    
    168             35          17612    
    169             35          17647    
    170             36          17683    
    171             32          17715    
    172             24          17739    
    173             24          17763    
    174             24          17787    
    175             24          17811    
    176             21          17832    
    177             13          17845    
    178             13          17858    
    179             13          17871    
    180              9          17880    
    181              1          17881    
    182              1          17882    
    183              1          17883    
    184              1          17884    
    185              1          17885    
    186             10          17895    
    187              1          17896    
    188              1          17897    
    189              1          17898    
    190              1          17899    
    191              1          17900    
    192              1          17901    
    193              1          17902    
    194              1          17903    
    195              1          17904    
    196              1          17905    
    197              1          17906    
    198              1          17907    
    199              1          17908    
    200              1          17909    
    201              1          17910    
    202              1          17911    
    203              1          17912    
    204              1          17913    
    205              1          17914    
    206              1          17915    
    207              1          17916    
    208              1          17917    
    209              1          17918    
    210              1          17919    
    211              1          17920    
    212              1          17921    
    213              1          17922    
    214              1          17923    
    215              1          17924    
    216             33          17957    
    217             33          17990    
    218             33          18023    
    219             33          18056    
    220             33          18089    
    221             33          18122    
    222             33          18155    
    223             33          18188    
    224             33          18221    
    225             33          18254    
    226             33          18287    
    227             33          18320    
    228             33          18353    
    229             33          18386    
    230             33          18419    
    231             33          18452    
    232             33          18485    
    233             33          18518    
    234             33          18551    
    235             10          18561    
    236              1          18562    
    237              1          18563    
    238              1          18564    
    239              1          18565    
    240              1          18566    
    241              1          18567    
    242              1          18568    
    243              1          18569    
    244             64          18633    
    245             12          18645    
    246             12          18657    
    247             12          18669    
    248             13          18682    
    249             82          18764    
    250             24          18788    
    251             24          18812    
    252             24          18836    
    253             24          18860    
    254            586          19446    
    255             74          19520    
    256             74          19594    
    257             74          19668    
    258             74          19742    
    259             70          19812    
    260             62          19874    
    261             62          19936    
    262             62          19998    
    263             62          20060    
    264             59          20119    
    265             51          20170    
    266             51          20221    
    267             51          20272    
    268             51          20323    
    269             40          20363    
    270            129          20492    

Scene                        Shape Bytes    Text Bytes    ActionScript Bytes
-------------------------    -----------    ----------    ------------------
Scene 1                              755             0                   109

Symbol                       Shape Bytes    Text Bytes    ActionScript Bytes
-------------------------    -----------    ----------    ------------------
t:010                                  0             0                     0
t:url                                  0             0                     0
.                                     31             0                     0
...                                   62             0                     0
Symbol 1                              29             0                     0
banner_bg                             28             0                     0
bg                                     0             0                     0
Symbol 35                              0             0                     0
t:009                                  0             0                     0
t:008                                  0             0                     0
t:007                                  0             0                     0
text8                                  0             0                     0
t:006                                  0             0                     0
t:005                                  0             0                     0
t:004                                  0             0                     0
Tween 1                                0             0                     0
text4                                  0             0                     0
t:003                                  0             0                     0
t:002                                  0             0                     0
t:001                                  0             0                     0
yp2a                                   0             0                     0
yp2                                    0             0                     0
bannerSlogan                           0             0                     0
rollmask                              25             0                     0
banner02                               0             0                     0
banner01                               0             0                     0
yellowping2                            0             0                     0
yellowpin2                             0             0                     0
bigy.ai                                0             0                     0
o.ai                                   0             0                     0
u.ai                                   0             0                     0
h.ai                                   0             0                     0
a.ai                                   0             0                     0
v.ai                                   0             0                     0
e.ai                                   0             0                     0
c.ai                                   0             0                     0
n.ai                                   0             0                     0
t.ai                                   0             0                     0
w.ai                                   0             0                     0
i.ai                                   0             0                     0
hyperlink                             40             0                     0
mc:btnBox                              0             0                     0
t:011                                  0             0                     0
gx_triangle                           27             0                     0
mc:arrow                               0             0                     0
b:send_cookie                          0             0                     0

Font Name                 Bytes        Characters    
----------------------    ---------    --------------
EK03Plain-M                    3162     *.CEOSTYabcdefghiklmnoprstuvwxy

ActionScript Bytes    Location
------------------    --------
                43    Scene 1:yp1:1:y1(yellowpin2)
                32    Scene 1:URL button:61:No instance name assigned(hyperlink)
                 1    Scene 1:as:270
                33    Scene 1:b:send_cookie:270:No instance name assigned(b:send_cookie)

Bitmap                     Compressed    Compression
-----------------------    ----------  --------  -----------
264x200Bg.png                   2728      211200   JPEG Quality=60
banner01a.png                    275         588   JPEG Quality=60
CB_3.png                        3982       90000   JPEG Quality=60




