ek_cookie_300x250_013_break.swf Movie Report
---------------------------------------------

Frame #    Frame Bytes    Total Bytes    Scene
-------    -----------    -----------    ----------------
      1          21294          21294    Scene 1 (AS 2.0 Classes Export Frame)
      2              1          21295    
      3              1          21296    
      4              1          21297    
      5              1          21298    
      6              1          21299    
      7              1          21300    
      8              1          21301    
      9              1          21302    
     10              1          21303    
     11              1          21304    
     12              1          21305    
     13              1          21306    
     14              1          21307    
     15              1          21308    
     16              1          21309    
     17              1          21310    
     18              1          21311    
     19              1          21312    
     20              1          21313    
     21              1          21314    
     22              1          21315    
     23              1          21316    
     24              1          21317    
     25              1          21318    
     26              1          21319    
     27              1          21320    
     28              1          21321    
     29              1          21322    
     30              1          21323    
     31              1          21324    
     32              1          21325    
     33              1          21326    
     34              1          21327    
     35              1          21328    
     36              1          21329    
     37              1          21330    
     38              1          21331    
     39              1          21332    
     40              1          21333    
     41              1          21334    
     42              1          21335    
     43              1          21336    
     44              1          21337    
     45              1          21338    
     46              1          21339    
     47              1          21340    
     48              1          21341    
     49              1          21342    
     50              1          21343    
     51              1          21344    
     52              1          21345    
     53              1          21346    
     54              1          21347    
     55              1          21348    
     56              1          21349    
     57              1          21350    
     58              1          21351    
     59              1          21352    
     60              1          21353    
     61           2754          24107    
     62             71          24178    
     63             71          24249    
     64             71          24320    
     65             71          24391    
     66             71          24462    
     67             71          24533    
     68             71          24604    
     69             69          24673    
     70             72          24745    
     71             79          24824    
     72             70          24894    
     73             71          24965    
     74             71          25036    
     75             71          25107    
     76             71          25178    
     77             71          25249    
     78             71          25320    
     79             69          25389    
     80             72          25461    
     81             79          25540    
     82             71          25611    
     83             71          25682    
     84             71          25753    
     85             71          25824    
     86             71          25895    
     87             71          25966    
     88             70          26036    
     89             69          26105    
     90             51          26156    
     91             34          26190    
     92             15          26205    
     93             15          26220    
     94             15          26235    
     95             15          26250    
     96          11628          37878    
     97             50          37928    
     98             50          37978    
     99             50          38028    
    100             50          38078    
    101            344          38422    
    102             16          38438    
    103             16          38454    
    104             16          38470    
    105            346          38816    
    106             16          38832    
    107              8          38840    
    108              8          38848    
    109              8          38856    
    110              8          38864    
    111           2376          41240    
    112             11          41251    
    113             11          41262    
    114             11          41273    
    115             11          41284    
    116              7          41291    
    117              1          41292    
    118              1          41293    
    119              1          41294    
    120              1          41295    
    121              1          41296    
    122              1          41297    
    123              1          41298    
    124              1          41299    
    125              1          41300    
    126              1          41301    
    127              1          41302    
    128              1          41303    
    129              1          41304    
    130              1          41305    
    131              1          41306    
    132              1          41307    
    133              1          41308    
    134              1          41309    
    135              1          41310    
    136              1          41311    
    137              1          41312    
    138              1          41313    
    139              1          41314    
    140              1          41315    
    141              1          41316    
    142              1          41317    
    143              1          41318    
    144              1          41319    
    145              1          41320    
    146              1          41321    
    147              1          41322    
    148              1          41323    
    149              1          41324    
    150              1          41325    
    151              1          41326    
    152              1          41327    
    153              1          41328    
    154              1          41329    
    155              1          41330    
    156              1          41331    
    157              1          41332    
    158              1          41333    
    159              1          41334    
    160              1          41335    
    161              1          41336    
    162              1          41337    
    163              1          41338    
    164              1          41339    
    165              1          41340    
    166              1          41341    
    167             11          41352    
    168             11          41363    
    169             11          41374    
    170             11          41385    
    171           2821          44206    
    172             11          44217    
    173             11          44228    
    174             11          44239    
    175             11          44250    
    176              7          44257    
    177              1          44258    
    178              1          44259    
    179              1          44260    
    180              1          44261    
    181              1          44262    
    182              1          44263    
    183              1          44264    
    184              1          44265    
    185              1          44266    
    186              1          44267    
    187              1          44268    
    188              1          44269    
    189              1          44270    
    190              1          44271    
    191              1          44272    
    192              1          44273    
    193              1          44274    
    194              1          44275    
    195              1          44276    
    196              1          44277    
    197              1          44278    
    198              1          44279    
    199              1          44280    
    200              1          44281    
    201              1          44282    
    202              1          44283    
    203              1          44284    
    204              1          44285    
    205              1          44286    
    206              1          44287    
    207              1          44288    
    208              1          44289    
    209              1          44290    
    210              1          44291    
    211              1          44292    
    212              1          44293    
    213              1          44294    
    214              1          44295    
    215              1          44296    
    216              1          44297    
    217              1          44298    
    218              1          44299    
    219              1          44300    
    220              1          44301    
    221              1          44302    
    222              1          44303    
    223              1          44304    
    224              1          44305    
    225              1          44306    
    226              1          44307    
    227             11          44318    
    228             11          44329    
    229             11          44340    
    230             11          44351    
    231           3697          48048    
    232             11          48059    
    233             11          48070    
    234             11          48081    
    235             11          48092    
    236              7          48099    
    237              1          48100    
    238              1          48101    
    239              1          48102    
    240              1          48103    
    241              1          48104    
    242              1          48105    
    243              1          48106    
    244              1          48107    
    245              1          48108    
    246              1          48109    
    247              1          48110    
    248              1          48111    
    249              1          48112    
    250              1          48113    
    251           2087          50200    
    252             11          50211    
    253             11          50222    
    254             11          50233    
    255             11          50244    
    256              7          50251    
    257              1          50252    
    258              1          50253    
    259              1          50254    
    260              1          50255    
    261              1          50256    
    262              1          50257    
    263              1          50258    
    264              1          50259    
    265              1          50260    
    266              1          50261    
    267              1          50262    
    268              1          50263    
    269              1          50264    
    270              1          50265    
    271              1          50266    
    272              1          50267    
    273              1          50268    
    274              1          50269    
    275              1          50270    
    276              1          50271    
    277              1          50272    
    278              1          50273    
    279              1          50274    
    280              1          50275    
    281              1          50276    
    282              1          50277    
    283              1          50278    
    284              1          50279    
    285              1          50280    
    286              1          50281    
    287              1          50282    
    288              1          50283    
    289              1          50284    
    290              1          50285    
    291              1          50286    
    292              1          50287    
    293              1          50288    
    294              1          50289    
    295              1          50290    
    296              1          50291    
    297              1          50292    
    298              1          50293    
    299              1          50294    
    300              1          50295    
    301              1          50296    
    302              1          50297    
    303              1          50298    
    304              1          50299    
    305              1          50300    
    306              1          50301    
    307              1          50302    
    308              1          50303    
    309              1          50304    
    310              1          50305    
    311              1          50306    
    312              1          50307    
    313              1          50308    
    314              1          50309    
    315              1          50310    
    316              1          50311    
    317              1          50312    
    318              1          50313    
    319              1          50314    
    320              1          50315    
    321              1          50316    
    322              1          50317    
    323              1          50318    
    324              1          50319    
    325              1          50320    
    326              1          50321    
    327              1          50322    
    328              1          50323    
    329              1          50324    
    330              1          50325    
    331              1          50326    
    332              1          50327    
    333              1          50328    
    334              1          50329    
    335              1          50330    
    336              1          50331    
    337              1          50332    
    338              1          50333    
    339              1          50334    
    340              1          50335    
    341              1          50336    
    342              1          50337    
    343              1          50338    
    344              1          50339    
    345              1          50340    
    346              1          50341    
    347             11          50352    
    348             11          50363    
    349             11          50374    
    350             11          50385    

Scene                        Shape Bytes    Text Bytes    ActionScript Bytes
-------------------------    -----------    ----------    ------------------
Scene 1                              138             0                   156

Symbol                       Shape Bytes    Text Bytes    ActionScript Bytes
-------------------------    -----------    ----------    ------------------
mc:arrow                               0             0                     0
gx_triangle                           33             0                     0
i:ek_cookie_300x250_cookie8            0             0                     0
mc:floor                               0             0                     0
t:006                                  0             0                     0
mc:strip                               0             0                     0
Tween 2                                0             0                     0
Tween 1                                0             0                     0
i:ek_cookie_300x250_cookie7            0             0                     0
i:ek_cookie_300x250_cookie6            0             0                     0
t:002                                  0             0                     0
t:003                                  0             0                     0
t:004                                  0             0                     0
i:ek_cookie_300x250_cookie5            0             0                     0
i:ek_cookie_300x250_cookie4            0             0                     0
t:001                                  0             0                     0
i:ek_cookie_300x250_cookie3            0             0                     0
i:ek_cookie_300x250_cookie2            0             0                     0
mc:ek_cookie_300x250_cookie1           0             0                     0
mc:ek_cookie_300x250_cookie2           0             0                     0
mc:ek_cookie_300x250_cookie3           0             0                     0
i:ek_cookie_300x250_cookie1            0             0                     0
mc:matt_351800                         0             0                     0
i:ek_cookie_300x250_bg                 0             0                     0
btn_hotspot                           33             0                     0
Logo EK                             1385             0                     0
t:url                                  0             0                     0
mc:btnBox                              0             0                     0
t:005                                  0             0                     0
b:send_cookie                          0             0                     0


Tweened Shapes: 895 bytes

ActionScript Bytes    Location
------------------    --------
                40    Scene 1:btn_hotspot:1:No instance name assigned(btn_hotspot)
                15    Scene 1:btn_selectcookie:1:No instance name assigned(btn_hotspot)
                15    Scene 1:btn_selectcookie:1:No instance name assigned(btn_hotspot)
                15    Scene 1:btn_selectcookie:1:No instance name assigned(btn_hotspot)
                15    Scene 1:action:70
                15    Scene 1:action:80
                41    Scene 1:b:send_cookie:251:No instance name assigned(b:send_cookie)

Bitmap                     Compressed    Compression
-----------------------    ----------  --------  -----------
i:ek_cookie_300x250_bg.png     10162      300000   JPEG Quality=60
i:ek_cookie_300x250_cookie3.png      1818       17324   JPEG Quality=60
i:ek_cookie_300x250_cookie1.png      1957       23976   JPEG Quality=60
i:ek_cookie_300x250_cookie2.png      1940       22632   JPEG Quality=60
i:ek_cookie_300x250_cookie4.png      2545       33936   JPEG Quality=60
i:ek_cookie_300x250_cookie8.png      4400       35432   JPEG Quality=60
i:ek_cookie_300x250_cookie7.png      3087       19928   JPEG Quality=60
i:ek_cookie_300x250_cookie5.png      1654       21584   JPEG Quality=60
i:ek_cookie_300x250_cookie6.png      1887       24236   JPEG Quality=60




