ek_cookie_350x200_020_break.swf Movie Report
---------------------------------------------

Frame #    Frame Bytes    Total Bytes    Scene
-------    -----------    -----------    ----------------
      1          13809          13809    Scene 1 (AS 2.0 Classes Export Frame)
      2              1          13810    
      3              1          13811    
      4              1          13812    
      5              1          13813    
      6              1          13814    
      7              1          13815    
      8              1          13816    
      9              1          13817    
     10              1          13818    
     11              1          13819    
     12              1          13820    
     13              1          13821    
     14              1          13822    
     15              1          13823    
     16              1          13824    
     17              1          13825    
     18              1          13826    
     19              1          13827    
     20              1          13828    
     21              1          13829    
     22              1          13830    
     23              1          13831    
     24              1          13832    
     25              1          13833    
     26              1          13834    
     27              1          13835    
     28              1          13836    
     29              1          13837    
     30              1          13838    
     31              1          13839    
     32              1          13840    
     33              1          13841    
     34              1          13842    
     35              1          13843    
     36              1          13844    
     37              1          13845    
     38              1          13846    
     39              1          13847    
     40              1          13848    
     41              1          13849    
     42              1          13850    
     43              1          13851    
     44              1          13852    
     45              1          13853    
     46              1          13854    
     47              1          13855    
     48              1          13856    
     49              1          13857    
     50              1          13858    
     51              1          13859    
     52              1          13860    
     53              1          13861    
     54              1          13862    
     55              1          13863    
     56              1          13864    
     57              1          13865    
     58              1          13866    
     59              1          13867    
     60              1          13868    
     61           1838          15706    
     62             72          15778    
     63             72          15850    
     64             72          15922    
     65             72          15994    
     66             72          16066    
     67             72          16138    
     68             72          16210    
     69             70          16280    
     70             73          16353    
     71             80          16433    
     72             71          16504    
     73             72          16576    
     74             72          16648    
     75             72          16720    
     76             72          16792    
     77             72          16864    
     78             72          16936    
     79             70          17006    
     80             73          17079    
     81             80          17159    
     82             72          17231    
     83             72          17303    
     84             72          17375    
     85             72          17447    
     86             72          17519    
     87             72          17591    
     88             71          17662    
     89             70          17732    
     90             53          17785    
     91             33          17818    
     92             14          17832    
     93             14          17846    
     94             14          17860    
     95             14          17874    
     96           9512          27386    
     97             48          27434    
     98             48          27482    
     99             48          27530    
    100             48          27578    
    101            332          27910    
    102             16          27926    
    103             16          27942    
    104             16          27958    
    105            332          28290    
    106             16          28306    
    107              7          28313    
    108              7          28320    
    109              7          28327    
    110              7          28334    
    111           2278          30612    
    112             11          30623    
    113             11          30634    
    114             11          30645    
    115             11          30656    
    116              6          30662    
    117              1          30663    
    118              1          30664    
    119              1          30665    
    120              1          30666    
    121              1          30667    
    122              1          30668    
    123              1          30669    
    124              1          30670    
    125              1          30671    
    126              1          30672    
    127              1          30673    
    128              1          30674    
    129              1          30675    
    130              1          30676    
    131              1          30677    
    132              1          30678    
    133              1          30679    
    134              1          30680    
    135              1          30681    
    136              1          30682    
    137              1          30683    
    138              1          30684    
    139              1          30685    
    140              1          30686    
    141              1          30687    
    142              1          30688    
    143              1          30689    
    144              1          30690    
    145              1          30691    
    146              1          30692    
    147              1          30693    
    148              1          30694    
    149              1          30695    
    150              1          30696    
    151              1          30697    
    152              1          30698    
    153              1          30699    
    154              1          30700    
    155              1          30701    
    156              1          30702    
    157              1          30703    
    158              1          30704    
    159              1          30705    
    160              1          30706    
    161              1          30707    
    162              1          30708    
    163              1          30709    
    164              1          30710    
    165              1          30711    
    166              1          30712    
    167             11          30723    
    168             11          30734    
    169             11          30745    
    170             11          30756    
    171           2704          33460    
    172             11          33471    
    173             11          33482    
    174             11          33493    
    175             11          33504    
    176              6          33510    
    177              1          33511    
    178              1          33512    
    179              1          33513    
    180              1          33514    
    181              1          33515    
    182              1          33516    
    183              1          33517    
    184              1          33518    
    185              1          33519    
    186              1          33520    
    187              1          33521    
    188              1          33522    
    189              1          33523    
    190              1          33524    
    191              1          33525    
    192              1          33526    
    193              1          33527    
    194              1          33528    
    195              1          33529    
    196              1          33530    
    197              1          33531    
    198              1          33532    
    199              1          33533    
    200              1          33534    
    201              1          33535    
    202              1          33536    
    203              1          33537    
    204              1          33538    
    205              1          33539    
    206              1          33540    
    207              1          33541    
    208              1          33542    
    209              1          33543    
    210              1          33544    
    211              1          33545    
    212              1          33546    
    213              1          33547    
    214              1          33548    
    215              1          33549    
    216              1          33550    
    217              1          33551    
    218              1          33552    
    219              1          33553    
    220              1          33554    
    221              1          33555    
    222              1          33556    
    223              1          33557    
    224              1          33558    
    225              1          33559    
    226              1          33560    
    227             11          33571    
    228             11          33582    
    229             11          33593    
    230             11          33604    
    231           3543          37147    
    232             11          37158    
    233             11          37169    
    234             11          37180    
    235             11          37191    
    236              6          37197    
    237              1          37198    
    238              1          37199    
    239              1          37200    
    240              1          37201    
    241              1          37202    
    242              1          37203    
    243              1          37204    
    244              1          37205    
    245              1          37206    
    246              1          37207    
    247              1          37208    
    248              1          37209    
    249              1          37210    
    250              1          37211    
    251              1          37212    
    252              1          37213    
    253              1          37214    
    254              1          37215    
    255              1          37216    
    256           2038          39254    
    257             29          39283    
    258             29          39312    
    259             29          39341    
    260             21          39362    
    261            192          39554    
    262              1          39555    
    263              1          39556    
    264              1          39557    
    265              1          39558    
    266              1          39559    
    267              1          39560    
    268              1          39561    
    269              1          39562    
    270              1          39563    
    271              1          39564    
    272              1          39565    
    273              1          39566    
    274              1          39567    
    275              1          39568    
    276              1          39569    
    277              1          39570    
    278              1          39571    
    279              1          39572    
    280              1          39573    
    281              1          39574    
    282              1          39575    
    283              1          39576    
    284              1          39577    
    285              1          39578    
    286              1          39579    
    287              1          39580    
    288              1          39581    
    289              1          39582    
    290              1          39583    
    291              1          39584    
    292              1          39585    
    293              1          39586    
    294              1          39587    
    295              1          39588    
    296              1          39589    
    297              1          39590    
    298              1          39591    
    299              1          39592    
    300              1          39593    
    301              1          39594    
    302              1          39595    
    303              1          39596    
    304              1          39597    
    305              1          39598    
    306              1          39599    
    307              1          39600    
    308              1          39601    
    309              1          39602    
    310              1          39603    
    311              1          39604    
    312              1          39605    
    313              1          39606    
    314              1          39607    
    315              1          39608    
    316              1          39609    
    317              1          39610    
    318              1          39611    
    319              1          39612    
    320              1          39613    
    321              1          39614    
    322              1          39615    
    323              1          39616    
    324              1          39617    
    325              1          39618    
    326              1          39619    
    327              1          39620    
    328              1          39621    
    329              1          39622    
    330              1          39623    
    331              1          39624    
    332              1          39625    
    333              1          39626    
    334              1          39627    
    335              1          39628    
    336              1          39629    
    337              1          39630    
    338              1          39631    
    339              1          39632    
    340              1          39633    
    341              1          39634    
    342              1          39635    
    343              1          39636    
    344              1          39637    
    345              1          39638    
    346              1          39639    
    347             11          39650    
    348             11          39661    
    349             11          39672    
    350             11          39683    

Scene                        Shape Bytes    Text Bytes    ActionScript Bytes
-------------------------    -----------    ----------    ------------------
Scene 1                              132             0                   236

Symbol                       Shape Bytes    Text Bytes    ActionScript Bytes
-------------------------    -----------    ----------    ------------------
i:ek_cookie_300x250_cookie8            0             0                     0
mc:floor                               0             0                     0
t:006                                  0             0                     0
mc:strip                               0             0                     0
Tween 2                                0             0                     0
Tween 1                                0             0                     0
i:ek_cookie_300x250_cookie7            0             0                     0
i:ek_cookie_300x250_cookie6            0             0                     0
t:002                                  0             0                     0
t:003                                  0             0                     0
t:004                                  0             0                     0
i:ek_cookie_300x250_cookie5            0             0                     0
i:ek_cookie_300x250_cookie4            0             0                     0
t:001                                  0             0                     0
i:ek_cookie_300x250_cookie3            0             0                     0
i:ek_cookie_300x250_cookie2            0             0                     0
mc:ek_cookie_300x250_cookie1           0             0                     0
mc:ek_cookie_300x250_cookie2           0             0                     0
mc:ek_cookie_300x250_cookie3           0             0                     0
i:ek_cookie_300x250_cookie1            0             0                     0
mc:matt_351800                         0             0                     0
i:ek_cookie_300x250_bg                 0             0                     0
btn_hotspot                           32             0                     0
Logo EK                             1327             0                     0
t:url                                  0             0                     0
mc:btnBox                              0             0                     0
t:005                                  0             0                     0
gx_triangle                           32             0                     0
mc:arrow                               0             0                     0
b:send_cookie                          0             0                     0


Tweened Shapes: 860 bytes

ActionScript Bytes    Location
------------------    --------
                82    Scene 1:btn_hotspot:1:No instance name assigned(btn_hotspot)
                14    Scene 1:btn_selectcookie:1:No instance name assigned(btn_hotspot)
                14    Scene 1:btn_selectcookie:1:No instance name assigned(btn_hotspot)
                14    Scene 1:btn_selectcookie:1:No instance name assigned(btn_hotspot)
                14    Scene 1:action:70
                14    Scene 1:action:80
                 1    mc:arrow:Layer 2:31
                 1    Scene 1:action:261
                83    Scene 1:b:send_cookie:261:No instance name assigned(b:send_cookie)

Bitmap                     Compressed    Compression
-----------------------    ----------  --------  -----------
i:ek_cookie_300x250_bg.png      4250      280000   JPEG Quality=35
i:ek_cookie_300x250_cookie3.png      1357       17324   JPEG Quality=35
i:ek_cookie_300x250_cookie1.png      1484       23976   JPEG Quality=35
i:ek_cookie_300x250_cookie2.png      1478       22632   JPEG Quality=35
i:ek_cookie_300x250_cookie4.png      1638       33936   JPEG Quality=35
i:ek_cookie_300x250_cookie8.png      4162       35432   JPEG Quality=35
i:ek_cookie_300x250_cookie7.png      2308       19928   JPEG Quality=35
i:ek_cookie_300x250_cookie5.png      1172       21584   JPEG Quality=35
i:ek_cookie_300x250_cookie6.png      1295       24236   JPEG Quality=35




